66 37 0.20641729981994636
66 70 2.954089639456815
66 171 0.12335322997360532
66 172 0.12944972267847393
66 13 0.42864043791263456
66 139 0.3494453203302738
66 207 0.22125024008282584
66 176 0.11975246955767667
66 177 0.11450473396975015
66 140 0.4195557201168445
66 179 0.11556587297437339
66 182 0.12442153694983121
66 215 0.09876411272949356
66 216 0.09196038687786347
66 62 2.1993099442375494
37 70 0.30772156540639134
37 171 0.22204076350331253
37 172 0.20202176294120394
37 13 0.38520894181832527
37 139 0.30576328137391284
37 207 0.17940002742117414
37 176 0.15259256365414262
37 177 0.12418473581137168
37 140 0.30002703911118683
37 179 0.09888310166934089
37 182 0.13526095431053609
37 215 0.3133088045219882
37 216 0.2559726883915768
37 62 0.1868029862457041
70 171 0.14363310004131635
70 172 0.14386788476844864
70 13 0.753555159191516
70 139 0.3640517411279119
70 207 0.18299940046964028
70 176 0.1262096102538393
70 177 0.11617567675293743
70 140 0.3984857945756826
70 179 0.10604100331618968
70 182 0.12140985425960488
70 215 0.11747348153161213
70 216 0.10538831713560556
70 62 0.7598776490519499
171 172 9.248055450015315
171 13 0.0928232757759266
171 139 0.6077988859904297
171 207 0.19358943601462905
171 176 2.182771665957506
171 177 1.0270519501646744
171 140 0.4133609268072824
171 179 0.34829796822745757
171 182 0.6927200852785549
171 215 1.1945702148537578
171 216 0.9701860586398233
171 62 0.11722492798938643
172 13 0.08986832958537393
172 139 0.7779310715952475
172 207 0.24302533126185014
172 176 6.713060432617413
172 177 1.9784041780405124
172 140 0.5185503411878166
172 179 0.5292893937575858
172 182 1.3117513198053876
172 215 0.9005301664188173
172 216 0.8783583473010991
172 62 0.12843068903886615
13 139 0.16338880092746458
13 207 0.11685022160350397
13 176 0.07744294514280595
13 177 0.06991369603480914
13 140 0.17573853278517987
13 179 0.06355848566718983
13 182 0.07425566870362661
13 215 0.09392314491923062
13 216 0.08408019297895994
13 62 0.29062353714835826
139 207 0.579273167684608
139 176 0.6543811326535984
139 177 0.5435208454915306
139 140 11.210013510091388
139 179 0.4355132499829783
139 182 0.6703101875941211
139 215 0.33917971730118646
139 216 0.3205064127111927
139 62 0.36408170801527423
207 176 0.24778555297915758
207 177 0.23828115235009828
207 140 0.8624904322711273
207 179 0.3458651910200607
207 182 0.3955403503404778
207 215 0.17709561677098506
207 216 0.19400540163559749
207 62 0.37000930302841045
176 177 9.054486760402414
176 140 0.46515749410305834
176 179 0.9240501429151626
176 182 2.800023386039562
176 215 0.5228983118089283
176 216 0.562004598383263
176 62 0.12236695675408399
177 140 0.4095019789533183
177 179 1.5718399222269914
177 182 3.5877086339236848
177 215 0.3417396603483147
177 216 0.3702344876936769
177 62 0.1185523413876206
140 179 0.3972458189135866
140 182 0.552160388640967
140 215 0.27533657206516593
140 216 0.2677197040554602
140 62 0.49905074451918197
179 182 3.1331872426761884
179 215 0.1944032735856805
179 216 0.21916745531882073
179 62 0.13346656571614465
182 215 0.3442284509905507
182 216 0.40300279699122427
182 62 0.14011372446239406
215 216 9.849471793325018
215 62 0.09840063078104563
216 62 0.09512689966342781
