194 390 0.0952318132767176
194 295 0.20421024733724857
194 264 0.9288849345833705
194 172 1.352173480457956
194 366 0.1782364490527579
194 180 0.4460561963778201
194 25 0.11196495209797863
194 122 0.16603486679889565
194 123 0.18249763849793033
194 92 0.13440731376013476
390 295 0.1684465915413088
390 264 0.1959686323555221
390 172 0.0769663541448067
390 366 0.9367578989906779
390 180 0.053107104853527674
390 25 0.4151249631031351
390 122 0.07233867896579349
390 123 0.07554280161022517
390 92 0.14963680823958464
295 264 0.3568036083342989
295 172 0.11581428017979649
295 366 0.39483303055083874
295 180 0.08333972560621601
295 25 0.09384850707086104
295 122 0.06035975900232646
295 123 0.06629112698805223
295 92 0.08451118059951804
264 172 0.454204918617961
264 366 0.46324575546198465
264 180 0.209844691271394
264 25 0.21176210533582893
264 122 0.16943265551037176
264 123 0.19228307631248878
264 92 0.22744735357894608
172 366 0.11943239717601592
172 180 1.4284910502882533
172 25 0.11278681243134629
172 122 0.3279568291644533
172 123 0.37091163551830797
172 92 0.17293296623715704
366 180 0.0753770181239232
366 25 0.27799665667726947
366 122 0.08365282173036208
366 123 0.08852071318670592
366 92 0.14397245616146606
180 25 0.0740661093840475
180 122 0.25284825779282893
180 123 0.29370466392562644
180 92 0.12369330706097091
25 122 0.16542465580929344
25 123 0.16550331274779664
25 92 0.4781276415565528
122 123 8.877685314825689
122 92 0.4291310285333117
123 92 0.5214903076250393
