34 197 0.25517229068985897
34 133 0.37632457392879903
34 9 0.36665937141939714
34 73 1.2231823020187045
34 203 0.22886906740509094
34 77 1.6830369125327016
34 239 0.8327331685558225
34 48 0.5329581005853362
34 188 0.543553385078403
34 215 0.17991531491260682
34 217 0.1683192819159371
34 124 0.23117841036902542
197 133 0.3584900597714746
197 9 0.10350637873308129
197 73 0.2253890865980414
197 203 2.410169988525471
197 77 0.3814465443786976
197 239 0.7900298129928546
197 48 0.10757653208029958
197 188 0.9665246258258596
197 215 0.9088561561384773
197 217 0.5858474646447518
197 124 0.21831721253075867
133 9 0.29464616622516876
133 73 1.0491841773474149
133 203 0.656439642256318
133 77 1.2502509481459714
133 239 0.3711522847934936
133 48 0.2649832021750899
133 188 1.9091753318278886
133 215 0.3612161251504682
133 217 0.35303301847337937
133 124 3.344127633036301
9 73 0.7924657457145673
9 203 0.1188483114088037
9 77 0.3642722328510062
9 239 0.18077788288460625
9 48 0.6781879690953929
9 188 0.21694753738518527
9 215 0.11194733167073252
9 217 0.11727119743855553
9 124 0.28527172440647774
73 203 0.26844262780716643
73 77 3.309701556180118
73 239 0.43161114139136453
73 48 0.8401751191679931
73 188 0.7587393539204627
73 215 0.1985187750507519
73 217 0.19520731584532092
73 124 0.6072698262719035
203 77 0.4308456301464181
203 239 0.4951253564399562
203 48 0.11643135402057612
203 188 1.573207194965362
203 215 1.2666567528387636
203 217 0.847863170146605
203 124 0.3824033115618353
77 239 0.7616884865259846
77 48 0.4816511427703542
77 188 1.7455755135270044
77 215 0.262791288937086
77 217 0.24256214035670914
77 124 0.5287764307651386
239 48 0.17535641309587735
239 188 1.00946942235214
239 215 0.46422850166226254
239 217 0.39182360376145864
239 124 0.21519127662674906
48 188 0.21227474899707527
48 215 0.09046046460792026
48 217 0.08896323285489255
48 124 0.22457928184673961
188 215 0.6526299826018701
188 217 0.5523182049582314
188 124 0.6402912395541958
215 217 13.570814141637268
215 124 0.2587892743429873
217 124 0.26886931844393547
