132 143 0.39325725966969033
132 144 0.33194447264470406
132 146 0.26982026574979173
132 147 0.23038297372271757
132 148 0.18636681831437432
132 149 0.19204503089893973
132 150 0.1952636205661466
132 158 0.5640489256302288
132 159 0.46662243236377265
132 164 1.4121636871649417
132 166 1.41702521012756
132 94 0.39674151257152185
132 227 0.25709673539110933
132 228 0.265525075507832
132 238 0.1824586087233378
132 239 0.2172599931847877
132 240 0.16443648415145307
132 241 0.1670590727787281
132 249 0.129170350346344
132 250 0.14230879768991414
143 144 12.379974086287556
143 146 3.390513430078065
143 147 2.9851311066365853
143 148 1.6628882203167323
143 149 1.6381962185195544
143 150 1.1617864935441875
143 158 2.031052291711783
143 159 1.0075648493581906
143 164 0.3760085395208183
143 166 0.23679049373344563
143 94 0.29616067515730427
143 227 0.18645576707103298
143 228 0.22336192779640449
143 238 0.17751599950597943
143 239 0.21444645411679691
143 240 0.1795495183161562
143 241 0.2069669460667645
143 249 0.1159495477143089
143 250 0.11395493208412708
144 146 6.220438883741839
144 147 3.813363775932499
144 148 1.7603999768809815
144 149 1.4093599296213648
144 150 0.9124611449850331
144 158 1.668525334897943
144 159 0.8945610213459367
144 164 0.28579953838075994
144 166 0.19427517845093886
144 94 0.33908806930720314
144 227 0.14818945616672094
144 228 0.17397333495217782
144 238 0.14166638499125617
144 239 0.16762766839687276
144 240 0.14355596349867275
144 241 0.16376753851951334
144 249 0.0968888123292876
144 250 0.09531845371395778
146 147 12.694772032357285
146 148 2.9355423430451903
146 149 1.8375954221922794
146 150 1.2403656068583517
146 158 1.9736571676106602
146 159 1.2526304635538925
146 164 0.23280250562709706
146 166 0.16209175497466574
146 94 0.2921210636291699
146 227 0.13500233622301208
146 228 0.16164989762394724
146 238 0.12996539397265863
146 239 0.1496114694916993
146 240 0.12995148208864496
146 241 0.14532009697119325
146 249 0.08648516242999599
146 250 0.08479937969454064
147 148 10.744713262487458
147 149 4.608386572512173
147 150 2.2672220554411924
147 158 1.2798805207821595
147 159 0.9102412448927328
147 164 0.22140196833413217
147 166 0.15160678964196758
147 94 0.22318043892050834
147 227 0.14059354539682786
147 228 0.17071179387183782
147 238 0.14035941461968685
147 239 0.16155465204299532
147 240 0.14246910387925046
147 241 0.1617899418497652
147 249 0.09202244695973144
147 250 0.08898937563283235
148 149 17.011672583855603
148 150 3.8339429846286293
148 158 0.7626716586898717
148 159 0.6042530804246795
148 164 0.19452134064615823
148 166 0.13377678092788603
148 94 0.17181697291387746
148 227 0.13803754287154782
148 228 0.16878353476212812
148 238 0.14388848885312616
148 239 0.16443901541016331
148 240 0.14879602186932525
148 241 0.17141007008871834
148 249 0.09421871955555422
148 250 0.08969518488604654
149 150 9.085216021273007
149 158 0.7196123927586391
149 159 0.5718762381675159
149 164 0.216772137614514
149 166 0.14454513968133412
149 94 0.15600838866830957
149 227 0.16068882904653434
149 228 0.2001901697919739
149 238 0.17140074237664707
149 239 0.19754852425335231
149 240 0.1788943679188149
149 241 0.20932028502827393
149 249 0.10844931012597699
149 250 0.1023314938957873
150 158 0.7370187109902998
150 159 0.6446895195341847
150 164 0.23339187659538962
150 166 0.15228592501205815
150 94 0.14080894501888605
150 227 0.18741287185227065
150 228 0.24290900672068108
150 238 0.20132816608569365
150 239 0.229148089068759
150 240 0.20645530355994676
150 241 0.23773850691780704
150 249 0.11846428964679977
150 250 0.11154413713884555
158 159 9.332152037846962
158 164 0.4134104645863876
158 166 0.27025192530269787
158 94 0.3742745915852713
158 227 0.18871632383931222
158 228 0.22954023235144305
158 238 0.16397280659376934
158 239 0.19043926935272953
158 240 0.15516247916320142
158 241 0.1665681715330845
158 249 0.1020553776109476
158 250 0.10324700284596448
159 164 0.3483850083798981
159 166 0.23888890535111704
159 94 0.315763575920849
159 227 0.17922254087885903
159 228 0.22046357890368085
159 238 0.15440270581073115
159 239 0.1744609691769146
159 240 0.14340965755261867
159 241 0.1502818990824337
159 249 0.0944214489230376
159 250 0.09574163679150145
164 166 3.874258788158779
164 94 0.1839404159335408
164 227 0.7365024678363918
164 228 0.7269566366458385
164 238 0.4315465212662431
164 239 0.5704772518927782
164 240 0.3686022948830478
164 241 0.3666746766390856
164 249 0.2639697145871147
164 250 0.30041622999655576
166 94 0.17426417665217853
166 227 0.5082711745693388
166 228 0.4448435578168119
166 238 0.29882391746628556
166 239 0.3639275333471415
166 240 0.2559880091855538
166 241 0.2460360786395089
166 249 0.22237763497030347
166 250 0.26575181682288274
94 227 0.08421903267039722
94 228 0.08934610594013825
94 238 0.07224913713240938
94 239 0.08168759061288151
94 240 0.06979851538430173
94 241 0.07364522416030761
94 249 0.057045646984154645
94 250 0.05941857744704866
227 228 9.461437395064378
227 238 3.8430775559622488
227 239 3.7862627605400583
227 240 1.6925934076855678
227 241 1.0680958753826633
227 249 0.8632739912155001
227 250 1.021882679350123
228 238 3.6969126290884757
228 239 3.750378430712812
228 240 1.6944605846917784
228 241 1.15146351491733
228 249 0.6123489202038085
228 250 0.6430788025618209
238 239 13.78712659154128
238 240 11.33380959816512
238 241 3.22522828601244
238 249 1.4238955850166195
238 250 1.2456638382480287
239 240 9.236138226824558
239 241 4.7728944349528195
239 249 1.282089154090052
239 250 1.1617133581232624
240 241 11.7557730910599
240 249 1.7705075965585277
240 250 1.2578324724899916
241 249 1.277787769282367
241 250 0.9067824449367665
249 250 12.11262582607232
