35 72 1.1227725145689986
35 83 1.1550365853000502
35 21 1.5039435967160708
35 22 2.473002171734844
35 469 0.3425322173800859
35 221 0.22037066949215728
35 222 0.20734652735110418
72 83 1.1401435937745437
72 21 0.7779394152921632
72 22 1.0567396620512182
72 469 0.5490066427255266
72 221 0.6616074486902014
72 222 0.572201675932371
83 21 0.510321832332915
83 22 0.6462152143540126
83 469 0.21226954144727653
83 221 0.3470096969322783
83 222 0.32170653956285744
21 22 25.105387206182332
21 469 0.6520840458309308
21 221 0.18811442839234532
21 222 0.1697332407094661
22 469 0.6314907159308536
22 221 0.21197919528163786
22 222 0.1916952770911745
469 221 0.22996973471428203
469 222 0.2049497252700683
221 222 25.321568070353607
