4 11 0.6991400303282672
4 20 0.517072554711007
4 21 0.8446823032830562
4 88 0.33370350864174764
4 28 0.30508065257099864
4 93 0.7610357352304339
11 20 2.966323102384765
11 21 2.6028951044425486
11 88 0.25817477367726005
11 28 0.542824104183257
11 93 0.5897757343056708
20 21 8.960920225632522
20 88 0.4033949585124653
20 28 0.8205430985506436
20 93 0.7101030225119124
21 88 0.5120133760518814
21 28 0.7951699919870037
21 93 1.001286035338432
88 28 0.2356681048777654
88 93 0.915740161670869
28 93 0.23223058090954463
