100 422 0.0904568434812609
100 397 0.10272208063701342
100 398 0.1104922364405285
100 468 0.07606562682597844
100 22 0.31662530071946676
100 476 0.0896340369178495
422 397 1.711303469593917
422 398 2.7297671191686916
422 468 0.6073080699070527
422 22 0.2385039874420537
422 476 0.35051015359904636
397 398 16.093783700072862
397 468 0.3803217258838626
397 22 0.318650290867723
397 476 0.23279779277144005
398 468 0.3995525426156315
398 22 0.33470298901927603
398 476 0.25663333145840067
468 22 0.23921044890740487
468 476 1.8680603859740241
22 476 0.26597271302415126
