98 99 10.061120906877692
98 393 0.9073841386155324
98 394 1.2153004062344896
98 371 0.2536116859277129
98 348 0.1640374459284945
98 349 0.1388611750059197
99 393 0.6828025851141536
99 394 0.9604611742530665
99 371 0.2463882558383037
99 348 0.18946385361328275
99 349 0.1578089472249214
393 394 14.44385159150343
393 371 0.7527032681839643
393 348 0.2084769149709836
393 349 0.1763290385617089
394 371 0.6760927298078802
394 348 0.2486092519054721
394 349 0.20620554179028505
371 348 0.2770743040948627
371 349 0.23088643375908754
348 349 15.508307548757463
