193 258 0.1542750210167493
193 38 0.0755223823320237
193 269 0.12238480114402875
193 270 0.13802148638602343
193 339 0.06895232541820344
193 340 0.06625901503931655
193 182 0.8548082975113251
193 377 0.044074731987954745
193 186 2.0600027865059336
258 38 0.05272280046712991
258 269 0.8107218840102854
258 270 1.7594188529266748
258 339 0.2670716025731666
258 340 0.22670800701309124
258 182 0.12320605427703844
258 377 0.09939241883127109
258 186 0.1505981654457317
38 269 0.04838651893236404
38 270 0.048376558213690836
38 339 0.04733642977733924
38 340 0.05122204024731056
38 182 0.09306841810090492
38 377 0.04880316784426761
38 186 0.0847815587371317
269 270 6.576267692369738
269 339 0.7273229607614718
269 340 0.5118884593806253
269 182 0.08381125931570979
269 377 0.15905658520008786
269 186 0.10265101386479646
270 339 0.46889372112849725
270 340 0.3550187849625772
270 182 0.09588289220066708
270 377 0.12771313580951246
270 186 0.11877249156394658
339 340 10.721351321967209
339 182 0.054118481240833495
339 377 0.514768682550886
339 186 0.061904480577224745
340 182 0.053082973350226444
340 377 0.7864805330913152
340 186 0.06009293222701052
182 377 0.037489345303666086
182 186 5.5746900946094735
377 186 0.040906217658842794
