34 35 8.89987689984949
34 177 0.11100187643554307
34 180 0.10545738325662075
34 29 3.4193746636649522
34 30 4.345350457309487
34 31 4.032188573152071
35 177 0.09694887582432536
35 180 0.0903315223446253
35 29 1.357964479822475
35 30 1.5745925752668433
35 31 1.7816706483831293
177 180 1.8415178362979199
177 29 0.143636820455835
177 30 0.1416433125444054
177 31 0.12358174360765217
180 29 0.14471474164973808
180 30 0.13504262285839844
180 31 0.11451602031469495
29 30 8.67049291872613
29 31 2.6002652595971374
30 31 10.9867117023588
