64 228 0.04926584652419865
64 264 0.05002151849066028
64 232 0.052286013090003705
64 268 0.053504272833237214
64 269 0.04960278112478093
64 85 0.5631402325356604
64 94 0.3304901423988108
228 264 1.4380319833002853
228 232 2.968216256543839
228 268 1.6124176942328023
228 269 0.8158301393977796
228 85 0.05898840465910187
228 94 0.05613996414963913
264 232 1.1587721667338842
264 268 2.7553020911932005
264 269 1.381558505553135
264 85 0.0640084807414476
264 94 0.06646160265278116
232 268 0.739237144917882
232 269 0.4302089161980338
232 85 0.05902421179937067
232 94 0.062033465549302155
268 269 7.039221749992281
268 85 0.07215793577927737
268 94 0.06559856289894271
269 85 0.06967794665492132
269 94 0.0610753525781752
85 94 0.360937559434068
