39 8 0.5400339217408722
39 40 18.74362225020668
39 140 0.17596787815961237
39 143 0.21199703278112084
39 145 0.2071367580274903
39 146 0.17282863139093949
39 148 0.20820052303020764
39 52 0.43590191787438
39 149 0.24242821715529841
8 40 0.44114077475793123
8 140 0.14224410023630976
8 143 0.15047013683536423
8 145 0.12233954029859817
8 146 0.11171261662876598
8 148 0.12225156296982645
8 52 1.4463706751223924
8 149 0.1478181237722634
40 140 0.18950172227340453
40 143 0.2361351855711732
40 145 0.23750592925579633
40 146 0.19413322615089404
40 148 0.23316338650915083
40 52 0.41127602768488736
40 149 0.26570158619378614
140 143 7.336730895366746
140 145 1.511014535857152
140 146 2.0790257500573843
140 148 1.5722075095660795
140 52 0.26249873967443144
140 149 2.1970810157749736
143 145 3.6511310577053324
143 146 4.124636295095954
143 148 2.5800640035744693
143 52 0.27753507145359907
143 149 2.929492037562556
145 146 16.2174415631738
145 148 8.570467705937814
145 52 0.19620862455799226
145 149 2.872972033982864
146 148 6.81295445192024
146 52 0.18023711248886926
146 149 2.5999589382070627
148 52 0.18905166494882908
148 149 8.388723357003073
52 149 0.23714087307348888
