0 200 0.14799124978491018
0 271 0.11702432926670105
0 465 0.102041509419632
0 467 0.08660619538037866
0 470 0.0766434402705626
0 318 0.20815059471316807
200 271 0.34258353779138545
200 465 0.16176713181638175
200 467 0.15594335608069718
200 470 0.18736287432924476
200 318 0.18054722918349056
271 465 0.12257169198518986
271 467 0.10874134779782813
271 470 0.1179456991318711
271 318 0.626735870594053
465 467 7.287162855284753
465 470 1.4523767749971446
465 318 0.12652760057691076
467 470 3.429487852201102
467 318 0.10360862636063223
470 318 0.09731398089572955
