144 145 20.22066877695724
144 94 0.15455851183724104
144 30 0.18316200419315445
144 312 0.05931651246716963
144 253 0.07746522134415461
144 314 0.05281357966546708
144 27 0.1856472748370764
144 93 0.18747397697325957
144 254 0.08370234236591349
145 94 0.16229515844474524
145 30 0.17329000247935097
145 312 0.06024221037867342
145 253 0.08098006738940577
145 314 0.05381031615036708
145 27 0.17036507247070498
145 93 0.19612152583102735
145 254 0.0874334758720823
94 30 0.3634095963703091
94 312 0.11328966919328168
94 253 0.3052950731965519
94 314 0.09123948973872494
94 27 0.2842843804208963
94 93 13.262328275906231
94 254 0.4101281231149319
30 312 0.15334604471478483
30 253 0.19586457281067043
30 314 0.11646720372654562
30 27 3.420216266171703
30 93 0.4145422032289224
30 254 0.22920683069546613
312 253 0.4671391194400655
312 314 5.821387166392653
312 27 0.10589876434538888
312 93 0.10425694928885537
312 254 0.3735916200543632
253 314 0.33826630738341934
253 27 0.13171623396127105
253 93 0.24700154787859133
253 254 14.281535578661098
314 27 0.0838716793486125
314 93 0.08452602877236819
314 254 0.26966396644244434
27 93 0.3379741200401043
27 254 0.1518925450653245
93 254 0.31935718498694177
