290 195 1.1131537370874796
290 197 1.1894615028391806
290 233 0.6071601883303329
290 234 0.6338384841173198
290 203 0.6453344081150526
290 204 0.5797877208021059
290 241 1.6407873738876106
290 181 0.4307069510859504
290 186 0.3474758333929484
290 155 0.284976620869841
290 156 0.2500187286281275
195 197 21.03158584703928
195 233 1.137253562444906
195 234 0.9121481423428645
195 203 4.461174553343905
195 204 2.4459859258071144
195 241 0.6420479428456526
195 181 2.2091271209886227
195 186 1.192522013785994
195 155 1.157032174861124
195 156 0.8905049991187186
197 233 1.8557652363606651
197 234 1.4012980867297262
197 203 4.438232271679952
197 204 3.2011298628249594
197 241 0.8073970672970875
197 181 2.5642347633844844
197 186 1.327320942032526
197 155 1.0398874511432499
197 156 0.8144301780726592
233 234 27.153136634937397
233 203 1.5603540580879005
233 204 2.6571313496443696
233 241 1.0435505495285264
233 181 1.6736838644596796
233 186 0.8358404304639238
233 155 0.6086153844589777
233 156 0.5113250034627251
234 203 1.2076905850009592
234 204 1.921588717257801
234 241 1.4111490382343472
234 181 1.1311525708067365
234 186 0.609608597301534
234 155 0.47125227948969917
234 156 0.40067967767365914
203 204 17.37610813699276
203 241 0.6076867863276273
203 181 5.791210375698858
203 186 0.986472231100112
203 155 1.5971444449279997
203 156 1.0851194461723628
204 241 0.6788156145833346
204 181 6.434468319739171
204 186 0.9481145227837012
204 155 1.3124899416571207
204 156 0.935292371647838
241 181 0.4263490793759085
241 186 0.28782098774072973
241 155 0.2464430890275145
241 156 0.21458955105089983
181 186 2.0661823064361093
181 155 3.670685980577854
181 156 2.2677015583793696
186 155 2.0707128820546026
186 156 2.2078069012812125
155 156 31.899799155082235
