224 226 7.192503337149895
224 292 0.2157455574893111
224 295 0.21825803261897112
224 210 0.5609335655395843
224 339 0.23197419453371593
224 276 0.31545472722889845
224 374 0.12906504307036887
224 119 0.2129537775303422
224 282 0.41854350342617885
226 292 0.25937489770370953
226 295 0.27762293505986185
226 210 0.4903431355798177
226 339 0.22620033238042275
226 276 0.3098921856332448
226 374 0.14077966660887284
226 119 0.1582701226204545
226 282 0.4994043310002693
292 295 5.754588034806859
292 210 0.19837332240711927
292 339 0.34943586232768015
292 276 0.695569335428862
292 374 0.31666075842464825
292 119 0.0718761251042595
292 282 2.2696964502939885
295 210 0.1722363689475061
295 339 0.3154261857695234
295 276 0.42388949801810977
295 374 0.35802878924801046
295 119 0.06832249471085652
295 282 1.3598499469438161
210 339 0.13604024776733617
210 276 0.44922252485012104
210 374 0.08119426909623789
210 119 0.12722074912916131
210 282 0.3576748834504123
339 276 0.3807007586082748
339 374 0.7250042246846228
339 119 0.14689215785139062
339 282 0.45222507029914233
276 374 0.17586992950688438
276 119 0.11477435184068613
276 282 1.7011161143960392
374 119 0.0753632364428255
374 282 0.2616166690780942
119 282 0.10204007383209993
