160 325 0.23815883883441846
160 326 0.2250376435108539
160 329 0.17882969455749906
160 299 0.4106608026610091
160 143 0.8975374925318315
160 304 0.3701182820345269
160 318 0.24869036851069842
325 326 12.288807516170456
325 329 4.135632536445981
325 299 0.5872426470895535
325 143 0.10880178916020614
325 304 5.875084832134287
325 318 3.2755974277574724
326 329 13.114766865635037
326 299 0.7488589724460458
326 143 0.10457231390735712
326 304 3.1103208509149254
326 318 2.2012785148170093
329 299 0.5720340954870328
329 143 0.08989906689560795
329 304 1.4475086921786
329 318 1.2992208620682826
299 143 0.15746993011874238
299 304 0.7577290025780546
299 318 0.6312761148386596
143 304 0.1450128503644128
143 318 0.10802010648088972
304 318 2.6011162188351484
