194 195 13.609958726366626
194 199 2.8730502381557796
194 200 1.8826150635062664
194 275 0.30302793298000835
194 276 0.24251719601673455
194 248 0.41437323235835033
194 283 0.13407051530631472
194 284 0.15766684259747266
195 199 7.518840138093431
195 200 2.990360135668745
195 275 0.4082670963013901
195 276 0.31871554569889826
195 248 0.5195862345690474
195 283 0.16437374289662943
195 284 0.1967635670658837
199 200 12.826890967620452
199 275 0.5607344095358783
199 276 0.4264598647434188
199 248 0.811734836047866
199 283 0.20067775004093494
199 284 0.24990383773051597
200 275 0.4917797734580544
200 276 0.38243440143056834
200 248 0.9708111888964538
200 283 0.18605258678347997
200 284 0.233661027342288
275 276 14.735267222228698
275 248 0.9786320499925469
275 283 1.043636145079119
275 284 1.7173656597100309
276 248 0.6850041244744842
276 283 1.875268733780555
276 284 3.861413238763263
248 283 0.285974629645853
248 284 0.38600854908300375
283 284 12.740325961593593
