100 108 1.4513140785106151
100 110 2.146745637650481
100 19 0.1975893118313679
100 57 0.2905335016961544
100 60 0.37742423070057685
100 63 0.7613081676540773
100 95 1.8231492688285988
108 110 9.547473883279707
108 19 0.24269343924226006
108 57 0.2493293588323606
108 60 0.2694433801322283
108 63 0.6815296601588803
108 95 3.00200918796614
110 19 0.2538516989693144
110 57 0.31463543735791394
110 60 0.3344908150279459
110 63 0.8460240577946532
110 95 2.8779169648603022
19 57 0.6960085850068202
19 60 0.5783624201699078
19 63 0.7757492416492108
19 95 0.3716306266275995
57 60 3.4877624921317842
57 63 1.061567908772246
57 95 0.3779115337095241
60 63 1.6219648836265539
60 95 0.4733083444949356
63 95 1.9706493449484181
