392 397 4.494872077193488
392 418 4.749951837398616
392 293 0.27816955507034336
392 294 0.2555680793049787
392 421 1.6285350298146515
392 431 3.7266929093191252
392 433 4.051942403733324
392 307 0.3305298478803395
392 435 2.181670438534894
392 310 0.3007619044537222
392 317 0.3644150699339562
392 319 0.5379067280332139
392 452 0.7220355083032375
392 453 0.7415632830014928
392 75 0.17875882511301688
392 76 0.18447621455559376
392 353 0.7884707864568697
392 355 1.0717669571569806
397 418 4.854539879314291
397 293 0.2674081702108175
397 294 0.2570757130680273
397 421 1.589857387402146
397 431 1.361531127912672
397 433 1.580959326899999
397 307 0.3522182105189383
397 435 1.1887171594012858
397 310 0.3662589936984367
397 317 0.387376657997834
397 319 0.5863610138825741
397 452 1.3321783295076959
397 453 1.2255030716680202
397 75 0.25188551432852124
397 76 0.26842685586426235
397 353 0.777196078433725
397 355 1.1485400557895447
418 293 0.356401812978677
418 294 0.3314117048440115
418 421 6.225960264647493
418 431 3.5931386287642955
418 433 3.429933402306822
418 307 0.5374801166201335
418 435 2.246699256448811
418 310 0.5223878388506358
418 317 0.48424912571688206
418 319 0.8055747671077765
418 452 1.637349977788509
418 453 1.9105549720506405
418 75 0.26021958047793226
418 76 0.2643401157428162
418 353 0.9090294434007213
418 355 1.2526866138819672
293 294 27.41833582378418
293 421 0.5752280848147018
293 431 0.2964682525142026
293 433 0.2459534079935488
293 307 1.5818930369508093
293 435 0.2156921617334643
293 310 0.58716259291029
293 317 4.282439411083434
293 319 2.2178247767136128
293 452 0.2587862134505827
293 453 0.3206503128415151
293 75 0.2017613444131815
293 76 0.18829551474075965
293 353 1.0610559311445866
293 355 0.7641783176319846
294 421 0.523668005634318
294 431 0.26437346185492466
294 433 0.22360473808826176
294 307 1.6244812458550224
294 435 0.19755871273779949
294 310 0.6356095492379924
294 317 5.38106670521725
294 319 2.212878040732977
294 452 0.259340867548157
294 453 0.3201413829469195
294 75 0.22333867265051957
294 76 0.20753637931820954
294 353 0.9717011297332576
294 355 0.7186439172430008
421 431 2.0750074050800054
421 433 1.5587957342364527
421 307 1.0545222128027156
421 435 1.1960241018229896
421 310 0.8727095255826794
421 317 0.780653663899282
421 319 1.527712009866272
421 452 1.3856094602848714
421 453 2.088423629189955
421 75 0.29693230480746136
421 76 0.2901591575572587
421 353 1.2634809452427265
421 355 1.5783326875349797
431 433 21.95379722253856
431 307 0.3937143449104277
431 435 7.390797479737047
431 310 0.3436186142110376
431 317 0.34020787133719377
431 319 0.4996722607796195
431 452 0.6893152186683099
431 453 0.7712934024919366
431 75 0.17032611513928778
431 76 0.16983430339380756
431 353 0.5843261338064283
431 355 0.6928598473542116
433 307 0.333431207019044
433 435 25.02167846575004
433 310 0.3133107970783457
433 317 0.28775958060021195
433 319 0.4139272921939165
433 452 0.7568813010704676
433 453 0.7945914312891281
433 75 0.17088250523690876
433 76 0.1720949121044483
433 353 0.4814042020002469
433 355 0.5816028175372486
307 435 0.30467381502626323
307 310 3.327120806360447
307 317 1.4692226498490528
307 319 1.9254239143962406
307 452 0.5158440869941341
307 453 0.7222826708109786
307 75 0.3780533379338119
307 76 0.3315196214669828
307 353 0.7025578695563269
307 355 0.6413736691091702
435 310 0.29930008881966164
435 317 0.2466454367386582
435 319 0.3464356349817877
435 452 0.7529795502785427
435 453 0.7697607198919559
435 75 0.16796554328193675
435 76 0.16861247150974226
435 353 0.3806498732780217
435 355 0.4503671687045857
310 317 0.6977338652983804
310 319 0.9310250620067761
310 452 0.8264420756358468
310 453 1.2048244425141337
310 75 0.7765523094028371
310 76 0.6265573094034124
310 353 0.45455208821963555
310 355 0.46302223444407886
317 319 9.285784118641239
317 452 0.3513770944072607
317 453 0.43675342048698823
317 75 0.2651079524074696
317 76 0.2537220274398495
317 353 2.4510839275167124
317 355 1.616786517194804
319 452 0.5229339920463395
319 453 0.6837394575059091
319 75 0.3058053450122788
319 76 0.2943263141623486
319 353 4.024455325357884
319 355 2.940207442746432
452 453 20.59855786057181
452 75 0.580737412952405
452 76 0.5996695307865231
452 353 0.4315397384107265
452 355 0.5339017631792056
453 75 0.589512948686271
453 76 0.5829437902748457
453 353 0.5150040892974771
453 355 0.62982610930207
75 76 23.224694556033864
75 353 0.21800109674221219
75 355 0.23543802231837727
76 353 0.2190067438257678
76 355 0.23987903315005418
353 355 22.597472937999964
