7 13 11.012601644110324
7 19 0.6974466439438789
7 23 1.0197553402093713
7 27 1.232253680895833
7 163 0.20929221918702418
7 44 1.508557595096462
7 45 1.9458710538351378
7 328 0.15152421196233612
7 208 0.17715198390552794
7 345 0.5080397356817273
7 350 0.3192620745644486
7 95 0.3001611100600769
7 352 0.2882475685267807
7 359 0.19332143635157556
7 109 0.1882349384791886
7 365 0.16795949616532635
7 367 0.15167844037503986
7 369 0.12265551821782798
13 19 0.9228087597705497
13 23 1.1724536353683181
13 27 1.0816929793023156
13 163 0.17717280450832912
13 44 0.9256102747844749
13 45 1.0911165626334596
13 328 0.16262815300090508
13 208 0.15979048628358597
13 345 0.6774742924989057
13 350 0.4145628638603864
13 95 0.24139982175257058
13 352 0.3476090809962205
13 359 0.22120394633627308
13 109 0.15879676299221232
13 365 0.19936968042941952
13 367 0.17437766076392458
13 369 0.13388859728712119
19 23 3.4058863526625243
19 27 0.6471919555632754
19 163 0.14607293758543846
19 44 0.4996360032493073
19 45 0.5547995319676703
19 328 0.17469994473252315
19 208 0.13846860910872655
19 345 0.9459949999743886
19 350 0.4383904993939138
19 95 0.25603065140382425
19 352 0.3489102111476293
19 359 0.28761752653758643
19 109 0.17343148591275245
19 365 0.270535130842014
19 367 0.22268157147021936
19 369 0.16841430918479502
23 27 1.8672201327051559
23 163 0.2306456987104086
23 44 0.647132740758144
23 45 0.8485786516063542
23 328 0.23493263996771113
23 208 0.2158650747321015
23 345 1.340406119145248
23 350 0.5026410073645782
23 95 0.3583154186103963
23 352 0.4595343517129384
23 359 0.3664402254923749
23 109 0.2421566544080623
23 365 0.2941022490180181
23 367 0.2580045053741247
23 369 0.2071829454774589
27 163 0.4304920709847139
27 44 0.593083512958375
27 45 0.880396480987431
27 328 0.3061357621613484
27 208 0.4033583082353492
27 345 0.9766931652247203
27 350 0.48245279681331105
27 95 0.35814800286827914
27 352 0.5432626284672011
27 359 0.3779638856014218
27 109 0.2674625741000682
27 365 0.2656426497488436
27 367 0.2563638593697761
27 369 0.2229547165516962
163 44 0.21291776501919382
163 45 0.2635139320716479
163 328 0.18886967630346954
163 208 2.372783506485721
163 345 0.17632131413478214
163 350 0.13474485930435928
163 95 0.3472420451476562
163 352 0.1639503319545414
163 359 0.1570608532711688
163 109 0.4658867237117391
163 365 0.1115697722075497
163 367 0.12097648750427543
163 369 0.13833738605627593
44 45 16.344235552527763
44 328 0.10459508586806793
44 208 0.15482414548165502
44 345 0.2558386974371275
44 350 0.16730941023489904
44 95 0.6709939511323385
44 352 0.1585682460794009
44 359 0.12671816477182046
44 109 0.30618560586288096
44 365 0.10947525515183146
44 367 0.10163267022120753
44 369 0.08952344073902016
45 328 0.12189270572737153
45 208 0.18883128127056323
45 345 0.30610350108323253
45 350 0.19233475987041174
45 95 0.7524921384087205
45 352 0.18594185758067616
45 359 0.14714158295060975
45 109 0.3477738246154952
45 365 0.12357973675785545
45 367 0.11550342302300683
45 369 0.10228508310890329
328 208 0.31558504607498505
328 345 0.4685037559530227
328 350 0.5570918789430551
328 95 0.09858634326674605
328 352 1.0596868911426736
328 359 2.1404981929644844
328 109 0.09942377547250929
328 365 0.8419602150504074
328 367 1.5245672152705376
328 369 3.1564970409697515
208 345 0.20341803230475466
208 350 0.16492089638428992
208 95 0.2072340041344349
208 352 0.21727073324149757
208 359 0.22011058810828663
208 109 0.25681802215802324
208 365 0.14530410715107916
208 367 0.16642137306148072
208 369 0.20802438845321652
345 350 3.2384526521615578
345 95 0.16454853554586063
345 352 2.2619943031740997
345 359 1.1059703127578375
345 109 0.133864738570172
345 365 0.9025407188416081
345 367 0.6860250195618968
345 369 0.4006571221277293
350 95 0.1113283449929485
350 352 6.553448197345517
350 359 1.4131363435366087
350 109 0.09489565271740802
350 365 1.7146408286823729
350 367 1.1113760930431076
350 369 0.4726807049661921
95 352 0.11553402729340512
95 359 0.10924935811555207
95 109 2.489377621509254
95 365 0.08854792379053807
95 367 0.08696853866740194
95 369 0.08699150397242876
352 359 2.7870493231018263
352 109 0.10253892364654366
352 365 1.8525531493635885
352 367 1.6500709152512758
352 369 0.7215312666466864
359 109 0.10293364610840658
359 365 3.9449912267640244
359 367 7.152424310486354
359 369 2.4391890231854947
109 365 0.08118431798726712
109 367 0.08232142551058935
109 369 0.08790039822681085
365 367 9.508715449897462
365 369 1.2085726241448675
367 369 2.7213802404794785
