96 98 11.888334995158015
96 3 0.19341432083625368
96 226 0.17640574036109438
96 290 0.0746102383711769
96 137 0.20858503841220097
96 138 0.2155337573191636
96 236 0.11520370459106435
96 127 0.4266604020934135
96 269 0.08433167808046557
96 270 0.0889890727802694
96 268 0.09952273276686957
96 211 0.11045718360500487
96 86 0.4344777177465496
96 87 0.5637619836165606
96 92 1.8333034073417669
96 95 12.995651402437103
98 3 0.17801900961913672
98 226 0.18417766375360026
98 290 0.07673877647014553
98 137 0.26893717808606926
98 138 0.2737024622583364
98 236 0.12696093900508745
98 127 0.6349365329763887
98 269 0.0835909113605685
98 270 0.08890508904808014
98 268 0.09889137658126032
98 211 0.12154894477047773
98 86 0.3873246121515055
98 87 0.5256857107888652
98 92 2.519987402531369
98 95 9.807654941954583
3 226 0.5158692205469342
3 290 0.17773409492700873
3 137 0.10861092114431331
3 138 0.12960070248607816
3 236 0.15896662399695027
3 127 0.13282672128229353
3 269 0.488264218258421
3 270 0.4773725992068681
3 268 0.6745587434977208
3 211 0.1924242268758841
3 86 0.1835533769595599
3 87 0.17991019392430438
3 92 0.19337434015527358
3 95 0.23087227193978624
226 290 0.5481849094343558
226 137 0.2357429167921727
226 138 0.31858973855556844
226 236 0.8018865478669285
226 127 0.22647951314070378
226 269 0.5173828364969504
226 270 0.6775913038955604
226 268 0.7436948970753081
226 211 0.8541214280708072
226 86 0.21566360032836646
226 87 0.2309604619893141
226 92 0.25796921340473955
226 95 0.22520572708315323
290 137 0.11474199743435118
290 138 0.13894642504360408
290 236 0.5847482509685892
290 127 0.09524223355454643
290 269 0.4664284614854334
290 270 0.5963403387717983
290 268 0.4511514939143117
290 211 0.438538348287016
290 86 0.10807684740868764
290 87 0.10858430991933372
290 92 0.10064352319229176
290 95 0.08710222297597948
137 138 10.795602491373437
137 236 0.34873035131047314
137 127 1.8139551114033603
137 269 0.08866299772481123
137 270 0.09916062305670618
137 268 0.10337262871500755
137 211 0.30185414782367753
137 86 0.15382779880705683
137 87 0.1935646658881076
137 92 0.3547924461649354
137 95 0.24926310688925993
138 236 0.4761150094016274
138 127 1.5701961361493415
138 269 0.10703483709616966
138 270 0.12110108592896107
138 268 0.12667079200247375
138 211 0.42572540147072846
138 86 0.1638824260200052
138 87 0.20489181780710244
138 92 0.3726061935505089
138 95 0.265420105352737
236 127 0.2224612284908676
236 269 0.21130211055857265
236 270 0.25886858813979186
236 268 0.2441326376574732
236 211 1.4308510631189297
236 86 0.14791784371887856
236 87 0.16422065890377494
236 92 0.18198656102628746
236 95 0.13967097493554922
127 269 0.08786202917913291
127 270 0.09655672301351871
127 268 0.10415685153575466
127 211 0.21766668875705922
127 86 0.1964117199201038
127 87 0.25794791186178817
127 92 0.7079727318393607
127 95 0.5248908155252278
269 270 22.48037415740227
269 268 11.914349689637891
269 211 0.2942198775700498
269 86 0.09621743374327023
269 87 0.09534753710915421
269 92 0.0970714658770804
269 95 0.09778084165609441
270 268 15.395934453730494
270 211 0.36835787977575424
270 86 0.102824509209249
270 87 0.10264586561261198
270 92 0.10518166318198795
270 95 0.10408344124104751
268 211 0.3576846845803758
268 86 0.10992766259518282
268 87 0.109995636245967
268 92 0.11533481894952927
268 95 0.11699419838078454
211 86 0.1100916338757489
211 87 0.12144760352692119
211 92 0.15289703074221206
211 95 0.13318228422318543
86 87 10.859866850897275
86 92 0.7669378038556649
86 95 0.5020966149532258
87 92 1.322279812967667
87 95 0.6797103875786029
92 95 3.1827043611678736
