200 234 1.1905743620282063
200 459 0.2373128932044725
200 300 0.9501307709664407
200 142 1.9530486066983452
200 462 0.29242990475652486
200 465 0.2610829258091885
200 469 0.23089493407295847
200 474 0.1644710685874028
200 220 0.8120544860830679
200 477 0.13143186503516865
234 459 0.15904574447186645
234 300 0.38791587867316063
234 142 0.5096820657301514
234 462 0.19477052571654857
234 465 0.18045528280325307
234 469 0.14635875202324317
234 474 0.12361203154905406
234 220 1.0499068654882298
234 477 0.1035292094365861
459 300 0.5123043318929174
459 142 0.17019231606143148
459 462 11.4429220843592
459 465 3.767698161808089
459 469 6.905590248994875
459 474 2.053669844568883
459 220 0.29623210913218717
459 477 1.3870704148425472
300 142 0.3981384664113347
300 462 0.74416945907232
300 465 0.7812778413632196
300 469 0.6007277523240866
300 474 0.38845138740679036
300 220 0.4263862921446727
300 477 0.2672902151523471
142 462 0.19125734873816957
142 465 0.16694082906317076
142 469 0.16552798961267043
142 474 0.1157690548991515
142 220 0.44758286430459837
142 477 0.09688684354076778
462 465 9.921315064872918
462 469 4.825906120802504
462 474 2.0170093892104335
462 220 0.36374223482586665
462 477 1.1442241667565962
465 469 4.593683844561397
465 474 3.8442257535638915
465 220 0.29321979822117045
465 477 1.5086786397953615
469 474 2.6831884750897004
469 220 0.23664985712230843
469 477 1.403070128011855
474 220 0.18857181943227283
474 477 8.52555884179248
220 477 0.15975319526166037
