1 7 0.9483595023485436
1 17 0.29845692818579894
1 18 0.28504336065547903
1 19 0.3582106814215197
1 22 0.7129766297482019
1 28 0.32523514910335466
1 37 0.9641934922859978
1 75 0.1522572008810482
1 76 0.1655490797567127
1 85 0.2268914401024502
1 87 0.1562409933979275
1 88 0.17273890729764158
1 92 0.3493544933694847
1 99 0.33120282723668965
1 100 0.24100761756104952
1 102 0.13432958290777972
1 111 0.09479090873231537
1 112 0.10564685765319677
7 17 0.3260829269154086
7 18 0.28407073720735637
7 19 0.3822804345992972
7 22 1.005951501539409
7 28 0.23580347095121498
7 37 0.3772623763958798
7 75 0.170155008842802
7 76 0.2027375434377854
7 85 0.419576815295965
7 87 0.266021123123149
7 88 0.3382843072946823
7 92 1.2109915332939543
7 99 0.8674636810027835
7 100 0.5031150530443589
7 102 0.22955407839225694
7 111 0.12666038820767556
7 112 0.14070879310764806
17 18 8.670293373039593
17 19 5.439451439772083
17 22 0.5026751772299441
17 28 0.4478530353236696
17 37 0.6120066611278885
17 75 0.4666725989553982
17 76 0.4734477330726904
17 85 0.3326490729906648
17 87 0.1833856780685207
17 88 0.21443305627900092
17 92 0.34069965135673025
17 99 0.7364339906523855
17 100 0.7095016031862251
17 102 0.44542875125128684
17 111 0.3702519303312506
17 112 0.41344265955396914
18 19 11.881740139991809
18 22 0.5517632603181688
18 28 0.6813949702662625
18 37 0.7307252440054008
18 75 0.7019845396897029
18 76 0.6654830954299251
18 85 0.3632750334248579
18 87 0.19835071403265345
18 88 0.2237781826199348
18 92 0.325462906064084
18 99 0.635601253612055
18 100 0.6524785002504564
18 102 0.41999286494923155
18 111 0.3898491278185063
18 112 0.4634639933915253
19 22 0.8857033157253934
19 28 0.8131350641309463
19 37 0.8889439844334086
19 75 0.7339651073911412
19 76 0.7745852904783307
19 85 0.4984485305998416
19 87 0.24764018020682996
19 88 0.2852076301422499
19 92 0.4585367398281214
19 99 0.9744962098340906
19 100 0.9332005959505314
19 102 0.47270713066808245
19 111 0.3615992974887302
19 112 0.4421294438511985
22 28 0.7711499190290578
22 37 0.7844087164072823
22 75 0.41008054415248923
22 76 0.5226219735228878
22 85 1.119413194269684
22 87 0.4995339056608402
22 88 0.5752368125521855
22 92 1.5072361940594738
22 99 1.2296077670927081
22 100 0.8313022710377804
22 102 0.3169449294290485
22 111 0.18536207512819736
22 112 0.22581817340076102
28 37 1.1062445238704586
28 75 0.7402183182244039
28 76 0.6738921539769165
28 85 0.3851457342355022
28 87 0.2440711005946877
28 88 0.2356681048777654
28 92 0.2865113348899422
28 99 0.33201189907845996
28 100 0.3222309955965169
28 102 0.20387488499907694
28 111 0.1830584169007332
28 112 0.22897730478944434
37 75 0.2885982837249724
37 76 0.28753241243864264
37 85 0.2584710772683345
37 87 0.16309182109968462
37 88 0.17306603607742127
37 92 0.2838418713710875
37 99 0.3482342987129421
37 100 0.28697256043470826
37 102 0.16729854477896822
37 111 0.137070032732219
37 112 0.15807699430253214
75 76 10.876029449792147
75 85 0.573130647305671
75 87 0.34891641703669474
75 88 0.3393450107835706
75 92 0.289432639891077
75 99 0.4024668382196776
75 100 0.5305291178172448
75 102 0.48243705342612864
75 111 0.5723078141527544
75 112 0.9146050524834447
76 85 0.9475862409760826
76 87 0.5061316777071687
76 88 0.49890945090365096
76 92 0.39480626723271967
76 99 0.550602461641639
76 100 0.7781345327682466
76 102 0.6501132457899379
76 111 0.5917724473271554
76 112 0.9740165426951934
85 87 2.7346708555730594
85 88 4.370884148065257
85 92 2.034714037092324
85 99 1.3788467360103198
85 100 1.675037069105004
85 102 0.6815167330765541
85 111 0.292663092609589
85 112 0.3818133715331511
87 88 8.98365148157426
87 92 0.8698812506332875
87 99 0.5080822106173836
87 100 0.5779572568285405
87 102 0.3948572692379623
87 111 0.20476122068886604
87 112 0.2552803057888458
88 92 1.485316768719856
88 99 0.7670392186569633
88 100 0.8807285126253627
88 102 0.5313752748943674
88 111 0.23007263482123042
88 112 0.2834582112909134
92 99 2.623682054219371
92 100 1.519961416413358
92 102 0.48152444829007646
92 111 0.20219758912335659
92 112 0.23853225518078836
99 100 8.65868473648396
99 102 0.9415282884907957
99 111 0.32592164798559214
99 112 0.3862794828225178
100 102 1.968181994389467
100 111 0.48145343654447853
100 112 0.5975672330585796
102 111 1.2485703725170625
102 112 1.4335409703660877
111 112 11.72152111592485
