71 72 24.60568655960739
71 43 0.506404839641889
71 44 0.6634472180810334
71 147 0.670737823819104
71 53 1.984201588298205
71 86 0.9877932263593451
71 91 0.5478701608209746
72 43 0.5361523869806029
72 44 0.692843752809518
72 147 0.9165844427837035
72 53 1.7547614377799656
72 86 1.5030904054684362
72 91 0.7439795405125827
43 44 19.010818838225177
43 147 0.3522712452931541
43 53 1.4111646484113967
43 86 0.4787939227593329
43 91 0.5495458133789157
44 147 0.40509356383297074
44 53 2.567528776803013
44 86 0.5185504635759686
44 91 0.5588973354013598
147 53 0.5047787781088078
147 86 1.3827447264187314
147 91 1.5427939992615507
53 86 0.5964639591847232
53 91 0.49173617571734046
86 91 4.152503561833962
